056
 3677
 1939
 1685
 9323
 3714
 2791
 8665
 9861
 6091
 2925
 4480
 1103
 4247
 1789
 5336
 3175
 4228
 2811
 9771
 6636
 3844
 7425
 4973
 1892
 4317
 5986
 5371
   13
 5973
 7306
 9957
 2088
 6284
 6090
 4532
 7811
  143
 4984
 2869
 9923
 6777
 4465
 3485
 4086
 3617
 4935
 7681
 7715
  175
 4366
 9821
 1327
 3387
 5192
  753
 8148
 6144
 9150
 3569
 4582
 9836
 6956
 5781
 9111
 8947
 8891
 5483
 3312
 3855
 5638
 4785
 9863
 1113
 7137
 4487
 4845
 5369
 4166
 7360
 6104
  410
 9100
 5423
 1454
 4169
  481
  506
  559
 1383
 2808
 8385
 5375
 2903
 4490
 7865
 4411
 6717
 8045
 6429
 2492
 6023
 9098
 6592
 8033
 5055
 8366
 8723
 8573
 9160
 9486
 5990
 3788
 3201
 2975
 8628
  418
 9926
 4941
 7910
 8456
 4436
 8788
 7323
 1584
 9177
 8389
 6426
 7130
 6318
 5836
 5808
 1611
  724
  364
 8983
 1395
 5928
  765
 1181
  454
 1617
 4705
 1164
 8660
 4153
 7986
 7945
 1577
 7241
 5792
 3771
 9576
 6278
 3151
  998
 5274
 4988
 7905
 2712
 4132
 3802
 3331
 2106
 7372
 9913
 5953
 7098
  582
 7842
  572
 7068
 2643
 7671
 1186
 2483
 6013
 7864
 3698
 4721
 4295
 5077
 5113
 6368
 5068
 4186
 2011
 5995
 8627
 9954
 3512
 3702
 8678
 1021
  459
 9661
 5641
 4197
 1057
 8105
  849
 6460
 2503
 1080
 2826
 9290
 7199
 4826
 4619
 8425
 7517
 5233
 2809
  838
 8196
 9117
 5088
 2145
 6328
 5730
 9715
 3577
 4926
 4666
 8422
 8212
 1666
  587
 7895
 4034
 2356
 6223
 1044
 8798
 6033
  814
 6776
 5540
 7789
 4927
 5361
 2769
 4937
 9524
 3785
 7219
 1372
 7838
 8871
 1678
 5933
 8123
 2319
 3416
 7560
 1837
 8625
 8330
 5584
 1994
  594
 7043
 8849
 3467
 2619
 7568
  239
 4101
 1261
 3238
 7658
 4647
 9664
 3952
 8806
 6974
 9148
 4724
 4346
 7136
 6126
 9813
 7289
 7217
 9320
 2718
 3188
 7382
 2309
 1705
 8823
 2537
 1846
 6890
 3956
  692
 2980
 8204
 2565
 8275
  785
 6469
  754
  202
 2363
 7439
  617
 4080
 6464
 8186
 6765
 1037
 9621
 1223
 2115
  112
 8933
 9759
 7245
  327
 9267
 6181
 7892
 3070
 8254
 2394
 1257
 7596
 9952
 4882
 6648
 4761
  302
  601
 3336
 4442
 6342
 8179
  383
 7950
 8878
 9232
 4180
  278
  560
 6645
 8320
 6612
 7449
 2872
 8282
 7455
 1358
 5229
   25
 7255
 6614
  656
 5426
 7636
 3671
 4127
 3857
 4118
 9973
 5978
  859
 3020
 7700
 1840
  130
 2391
 9897
 4390
  182
 9023
 4320
 8419
 1773
 6032
 5814
 9683
  139
 4717
  987
 2326
 3875
 5277
 6316
 3187
 2973
 3018
 4585
 8939
 1825
 6801
 8895
 7290
 2527
 8110
 6354
 6199
 7279
  749
 6929
 3778
 5469
 6136
 7204
 5454
 7046
 6856
 9204
 4151
 5004
 3068
 6249
 2381
  983
 1662
 9517
 6402
 2732
 9341
 3209
 5612
 6374
 3925
 2828
 2331
 4138
 4708
 4575
  554
 1309
 9124
 9176
 7697
 9660
 2576
    1
 9450
 2401
 8442
 9123
 8655
  138
 4044
  606
 9515
  537
 1194
 1944
 1839
 9300
 4564
 2112
 8609
 5732
 2954
 8783
  470
 4764
 4776
  238
 5743
  223
 8992
 2349
 1569
 6063
 2667
 9772
 6463
 5667
  326
 3139
 9737
 5646
 8243
 2336
 9459
 6827
  194
 8615
 8603
 3853
 5966
 8765
 6403
 8125
 2584
 2596
 3486
 2450
  529
 4147
 5218
  289
 4751
 2178
 7498
 9711
 7033
 7660
 6211
 2430
 1020
 9369
 2579
   42
 2109
 4170
 1489
 5299
 3073
 1899
 1174
 4772
 4108
 5020
 1390
 2138
 3729
 4348
 1038
 3931
 5054
 5256
 9718
 1365
  513
   11
 8117
  897
 1782
 1369
 3694
 3732
 2792
 5572
  744
 2690
 8298
  577
 8474
 6049
 6933
 8381
  244
  110
 7914
 3568
 8400
 4753
 6821
   92
 1047
 6151
 1373
 8796
 8779
 3459
 4292
 3430
 3222
   24
  600
 5939
 9684
 3905
 2244
 1458
 8703
 5123
 3328
 7373
 3039
 1934
 1401
 3808
 3088
 7266
 6825
 6545
 7414
 5134
 6591
 4033
 5358
 9095
 7534
 2539
 4569
 3409
 2411
 7648
  507
 7872
 5971
 4406
 7061
 2062
 4112
 3194
 6288
 9482
 8065
 6134
 8073
 7074
 5581
 4049
 2763
 6378
 6979
 4985
 2163
  722
 5397
 9298
 8119
 3477
 2874
 2261
 6560
 6850
 3224
 7276
 9047
 6214
   57
 5319
 2956
 4528
 5677
 6293
 1761
 4581
 1595
 4531
 4312
 2050
 5012
 8152
 6290
  918
 6341
 7705
 7677
  348
  392
 6789
 4460
 9142
 8346
 6457
 5582
 7048
 3958
 9192
 4353
 1043
 1193
 7674
 2852
 7828
 4042
 8342
 4728
 3126
 8431
 2529
 9039
 2182
 3007
 2548
  968
 3595
 2314
 6056
 5154
 9157
 2647
 9529
 5905
 9761
 1091
 5931
 2415
 2049
 8866
 4844
 3638
 9739
 4488
 8233
 8466
 3127
 1768
 3211
 5246
 2594
 8286
 6562
 9657
  478
 7018
 3605
 2179
 7293
  562
 7885
 7588
   43
 3329
 2218
 8013
 2438
 2701
 4040
 1694
 5738
 2564
 2186
 2753
 8898
 1009
 3859
 2388
 2955
 2870
 5716
 8827
 9127
 1406
 9451
 8738
 5614
  367
 1806
 3117
 9727
 7232
 5756
 6173
 4467
 2246
 8896
 6958
 7467
 9283
 5174
  900
 4664
 2214
 7873
 9695
  372
 9687
 1512
 4202
  660
 5745
 8232
 6170
 5835
 8500
 2759
 5767
 3615
 1235
 9963
 3454
 1083
   83
 1152
 8926
 7356
 9037
 1588
  769
 6114
 6989
 2589
 8312
 8521
 4452
 2897
 4620
 7029
 1751
 4877
 8193
 6159
 7876
 3593
 7650
 4900
 2442
 6808
 1824
 2960
 3066
 1368
  834
 6559
 2843
 4981
 2842
 2941
 8724
 8591
 7721
 9203
 2508
 7672
 2780
 2478
 1925
 7934
 6169
 3476
 2615
 2155
 3456
 6864
 9202
 4685
 3570
 2558
 6738
 5526
 6364
 8959
 6409
  857
  865
 1604
 8644
 9962
 1282
 3342
 9666
 4913
 8911
 9339
 8173
 4318
 8199
 9707
 1375
 8441
 9770
 3318
 6554
 5516
 7716
 4613
 2806
 3601
  451
 9732
 9322
 7483
 3050
 5060
 8647
 9575
 4273
 6843
 1007
 4082
 5779
 2700
 4735
  445
 7618
 3939
 2832
 8830
 7440
 1294
 2885
 4890
 8920
 6945
 9390
 4750
 8260
 6892
 4550
 1600
 5279
 1800
  873
 7340
 2251
 7427
 9075
 4668
  113
  251
 6563
 6383
 8718
   36
 6579
 2017
 9332
 4237
 2762
 2684
 5022
 4398
 2161
 5194
 6357
 7170
  100
 9473
 4706
 5558
 4388
  228
 6643
 1651
 6671
 8875
 3181
 4712
 8716
 5537
 2277
 1204
 8552
 3469
 3657
 4426
 8378
 6150
 8576
 4784
 9792
 6260
 1949
 7998
 8754
 9828
 6633
 7333
 7572
 5673
 4704
 2113
 4888
 7010
 8373
 2563
 6415
 7968
 1273
 8857
 2457
 5564
 4179
 4781
 6335
 5846
 1328
 8327
 5367
 1413
 3269
  635
 8439
 1378
 9025
 1079
 7661
 5741
 2423
 2057
 4662
 4277
 2003
 6101
 8722
  432
 1311
 3910
 9796
 8398
  526
 2918
  786
 5669
 1151
 7575
 2208
 5095
 6329
 7274
 5811
 3659
 2802
 1710
 1828
 3460
 5499
 4122
 8602
 5936
 7321
 4096
 6745
  267
 4256
 2678
 4282
 8757
  394
 4501
 3675
 9105
 3990
  993
  306
 1897
 4839
 5013
 2504
  400
 7135
  670
 8610
 1868
  731
 8290
 1984
 8868
 6324
 9852
 4431
 4965
 3873
 5597
 6586
 5599
 7897
 6204
 2953
 6722
 1956
  747
 9310
 1634
 6058
 7120
 3064
  826
 5264
 9990
 7813
 8448
 9862
 4930
 1556
 9526
 5660
 9129
  415
 4942
 4463
 9132
 2224
 8638
 9159
 1362
 7975
 7158
 9648
 1896
 1191
 7724
 3861
 5609
 3745
 9059
 5876
 9358
 6105
 9823
 9447
 7748
 6424
 9424
 5412
 8157
 7734
 4680
 6369
 5600
 4627
 7633
 6421
 5912
 4146
 7331
 3482
 1798
  884
 1267
 1551
 1560
 2449
 3563
 3826
 4697
 8128
 3753
 6061
 8453
 3555
 5112
 2005
 6373
 9474
 7093
 8691
 9153
 8120
 5968
  681
 7678
 6133
  887
 3136
  840
 5825
   31
 5665
 5775
 1544
 9396
 2149
 6209
 3216
  954
 5072
 7654
  184
 4969
 4495
 5291
  485
 3681
 5400
 2683
 7344
 3743
 9271
 8371
 4134
 5181
 4445
 5839
 4448
 1602
  625
 9051
 7066
  965
 1504
 3445
 9694
 4005
 9921
 4172
 6837
 9949
 5676
 6217
 4113
 8159
  797
  387
 5165
 4970
 5411
 9502
 2206
 6243
 5952
 9444
 2491
 6803
 3803
 9668
 1997
 6195
 2196
 6906
 8291
 6746
 4026
 6220
 2228
 7168
 8699
 9809
 4854
 2898
 2604
  592
 8409
 8234
 5391
 3397
 5410
 3054
 1550
 5304
  599
 5535
 4355
 2468
 2350
 2724
  437
 1888
 7663
 7983
 5991
 1345
 3503
 5889
  105
 2408
 8476
 4176
  787
 6744
 7349
 3585
 8109
 1269
 4526
 2772
 9867
 7299
  771
 3768
 4243
 7460
 1506
 6438
 8153
 7032
 6736
 1438
 5027
 1874
 6960
 4798
 5758
  516
 5260
 3712
 6747
 8944
 5212
 9961
 7088
  195
 3558
 8288
 7095
  932
 7875
 3375
 1739
 6810
 5422
 1189
 4746
 6675
 9032
 8650
 2297
 2185
 6399
 5026
 2583
 4011
 4344
  576
 2722
  679
 3860
 8922
 5341
   54
 8221
 5335
 1011
 6279
 1570
 4665
 9803
 8331
 1664
 7553
 5879
 8016
  798
 8246
 7157
 7824
 8121
 2111
 1033
 2235
 3582
 9021
 3625
 7511
 5505
 5493
 9697
 5459
 6040
 4241
 7142
 3208
 7094
 5622
 1940
 6954
 6147
 2407
  675
 5153
 7514
 6952
 5557
 7551
 8136
 7092
 5633
 1456
 9967
 2855
 2623
 1442
 5532
  921
  816
 1688
 9113
 3103
 3583
 1841
 8135
 8178
 6638
 3767
 3544
 3242
 2176
 8752
 5374
 9071
  287
  282
 6002
 5858
 3322
 3081
 6127
 4991
 5310
 8583
 6829
 1265
 8060
 6123
 5236
 3899
 5047
 4045
 1065
 9766
 5755
  832
 8867
 5607
 2183
  544
 1424
   28
 3722
 8247
 8885
 7102
 6723
 1767
 4181
 9363
 4823
 3560
 6235
 4783
 7262
 3624
 3834
 4794
 9853
 2727
 4456
 8177
 9463
 4349
 9625
 9840
 5187
 8081
 2937
 5334
 8062
 9785
 7028
 4475
 7494
  763
 1108
 2171
 6651
 3218
 9768
 1100
 3919
 2377
 3807
 5251
  610
 3725
  978
 1364
 8685
  846
 8529
 9985
 5899
 8027
 9833
 2372
 8255
  436
  836
 7947
 5271
 2879
 1893
 2834
 7026
 6089
 7362
 3274
 6506
 3824
 7955
 2153
 9542
 7882
 5911
 4886
 5495
 5602
 8432
 6499
 2535
 5247
 1942
 4274
 8211
  939
 9412
 7352
 3979
 3309
 4140
 2168
 6790
 4329
 9357
  776
 1732
  141
 9490
 7264
 9778
 8791
 6982
 9400
 5010
 3929
 4019
 9536
 2978
 5853
 1387
 2362
 4103
 7540
 3278
  725
 3481
 8956
 2794
 7453
 5049
 3721
  869
 9321
 9663
 9468
 3542
 1572
 7458
  235
 8151
 5354
 5464
 2287
 1979
 7987
 5494
 8266
 9385
 6845
 3113
 8491
 6248
 1148
 7420
 7536
 9845
  750
 4931
 3780
 6860
 9492
 9618
 3275
 4165
 5903
 6577
 8772
 1689
 5877
  597
 2976
 9090
 6733
  959
  707
 8543
 1241
 4489
 8235
 4143
 7781
  862
 4469
  815
 8686
  942
 8955
 8363
 5867
 3251
 2282
 4786
 1070
 1865
 2882
 3574
 3399
 3758
 5169
  388
 1333
 8667
 6121
 9423
 2010
 5794
 4409
 9691
 3686
  650
 1436
 3466
 8688
  310
 2032
 9505
 8737
 9559
 5652
 3823
  136
 9716
 1753
 4874
 8664
 9516
 6385
 2022
 8623
 4036
 2821
 5487
 5315
 2334
 2365
 1245
 7155
 4563
 9087
 4553
 9960
 9175
  971
 3932
 6479
 7733
 2375
 3299
  861
 7821
 2085
 5208
 4508
 7121
 9996
 1741
   65
 4656
 7513
 7556
 7012
 4020
 6878
 4319
 6075
 2730
 6370
 8059
 9703
 9698
 8155
   70
 6930
 4851
 3917
 6270
 7275
 9878
 3541
 6025
 9413
 8162
 5030
 9156
 4102
 2012
 2443
 9940
 9881
 7923
 1986
 6925
 8701
 5520
 3294
 3955
 1616
 3945
 5130
 1138
 9367
 2795
 4910
 9818
 4554
 8923
 3406
 1346
 9710
 5401
 8046
 9049
 4105
 2054
 7484
 6117
 9020
 4963
 3472
  430
 7745
 2545
 7195
 6128
 5983
 2425
 8446
 8000
 9199
 1927
 4641
 9107
 7364
 7022
 2007
  708
 7929
 3013
  119
  391
 8900
 2460
 2289
 2221
 9497
 1285
 2900
 7422
 1351
 3715
 8143
 7056
 1996
 8362
 9319
 9917
 4347
 5720
 2353
 1171
 6333
 8921
 4832
 1975
 8297
 6310
 4953
 9883
 5399
 1650
 4314
 8840
 6444
 9134
 2739
 1039
    9
 5603
  530
 9650
 4905
 1324
 5164
 6491
 4305
 8908
 8876
 5254
 6949
 4321
 9806
 4545
  208
 8430
 1599
 3699
 6924
 7238
 7128
 3072
 8582
 6191
 4268
 4156
 8888
 5647
 3156
 7612
 9446
 9942
 4506
 9018
 8225
 8505
 3751
 2781
 5300
 7930
 9653
 8241
 1695
 2389
 2642
 8364
 1648
 2169
 1966
 1853
 4207
 6423
 3129
 1270
 9352
  825
 9633
 1808
 9122
 7617
 9241
 7996
 2841
 5790
 5032
 6201
  464
 4066
 3510
 5484
 9958
 2175
 4155
 1734
 3250
  209
 9068
 5744
 9392
 7691
 4193
 7002
 3412
 4597
  336
 6494
 7909
 2435
 6330
 1268
 6453
 2341
  628
 8709
 3235
 4391
 5182
 1823
 1023
 1487
 4500
 1527
 2519
 2831
 1563
 9712
 3388
 9106
  268
 7943
  419
 1696
 9359
 9566
  180
 6465
 8424
 5017
 9378
 4174
 8761
 3031
  809
  803
 5750
  964
 6607
  937
 2489
 9144
 4879
  102
 6530
 8881
 2505
 8507
 8649
 2947
 1794
 5773
 3304
 7186
 9982
 2222
   90
 7358
 8784
 6993
  760
 4933
 9904
 1968
 5206
 4777
 5824
 5533
 3131
  121
 3138
 7223
 6703
 6798
  222
 9034
 1200
 6635
 3396
 2302
 3718
 2521
 2321
 8787
 6828
 1971
 4394
 8319
 8263
 4090
 7069
 6315
 5627
  569
 4279
 3276
 5901
 7503
 3077
 6508
 9565
 7913
 7944
 8902
 3710
 3311
 3465
 9975
  479
 6244
 3998
 6057
 7792
 3381
 6406
 1872
 7850
 8826
 2454
  848
 3419
 4509
 6697
 8002
 1755
 6898
 7081
 7949
 7774
  953
 6835
  360
 6124
 4361
 7555
 7544
 2696
 4814
 7520
 7243
 9186
 6054
 6539
 2666
 7505
  842
 6673
 2250
 6078
 2866
 9550
 1089
 6110
 3604
 6285
 7916
 5547
 5043
 8820
 8188
 3724
 9774
 5690
 5848
 9069
 5392
 3233
 5214
 8144
 8934
 6990
 5365
 8349
 2614
  545
 7052
  806
 8469
 6413
 5407
 8640
 7221
 7884
 6514
 8729
 1856
 7717
 2473
 4578
 6493
 9561
 1807
 8164
 4698
 7131
 5349
 5281
 2028
 1052
 4517
 3078
 3848
 6783
 4300
 6553
 4316
 5587
 4911
 7951
  822
 8355
 9187
 6902
 4672
 4738
 9678
 8887
 2275
 2899
 4365
 6113
 7339
 1715
 1930
 8415
    4
  977
 8882
 4444
 2815
 9911
 6619
 4055
 3756
 5025
 8681
 6775
 7576
 3522
 7739
 9454
 9787
 9714
 7690
 5470
 5751
 9033
 4577
 2524
 8146
 6099
 4745
 6642
 5875
 6515
 9277
 5270
  344
 3159
 5855
 9220
 7889
 8405
 7342
 6045
 4372
 1165
 2743
 8704
 2618
 8207
 9276
 3321
 4567
 7174
 8262
 1353
 7473
 3268
 9291
 7214
 1237
 2682
 7149
 4659
    5
 6253
 5722
 6599
  152
 7281
 6748
 1656
 8511
 9539
  542
 7547
    8
 6496
 1084
 1594
 6405
 6277
 2344
 3120
 4878
 2273
 3947
 2940
 5850
 4304
 2101
 7193
 4694
 7883
 1199
 5611
 4330
 8220
 3960
 5514
 5860
 9261
 8134
  984
 8334
 7924
 3962
 7927
 6552
 8481
 2184
 2015
 6657
 5408
  923
 9284
 1212
 8118
 8993
   50
 9811
 6937
 8039
 5323
  800
 1793
 9546
 1040
 1220
 9903
 9235
 4242
 4356
 2965
 8213
 2750
 3691
 1258
 8191
 1954
 2082
 8167
 3752
 9465
 2856
 6632
 2580
 7030
 5199
  752
 8751
 9462
 8854
 2031
 1673
 3214
 3651
 9407
 1284
 2426
 4818
 9795
  511
 1752
 5328
 1467
 9843
 6531
 1817
 4923
 4797
 8017
 8305
 3727
 9085
 5244
  812
 8645
 6706
 8036
 6754
 4212
  345
 7685
 2810
 9036
 4741
 4807
 4989
 7450
 5107
  957
 9756
 7076
 1951
 1202
 7431
 2127
 9706
 8807
 8979
 9689
 9885
 8168
 5331
  313
 5897
 2315
 9456
  879
 1264
 9389
 7516
 4583
 8283
  643
 4325
  465
 4859
  700
 4615
 9366
 1910
 2462
 7001
 7307
 7259
 7152
 8605
  904
  695
 5906
 8941
 8227
 4183
 9773
  424
 4548
 9968
 8457
 6245
 4948
 5585
 4557
 6905
 5090
 9188
 2567
 6281
 6639
 6010
 9265
 6478
 4904
 3513
 4946
 4048
 3009
 3772
 4270
  584
 3122
 6001
 4634
 6160
 7728
 9922
  706
 7818
 5854
 3776
 7446
 4326
 2042
 9171
 8010
 2609
 1460
 1476
 7044
 3171
 1272
 7112
 3726
   51
  796
 1018
  730
  810
 4635
 2490
 9240
 1497
 4986
 6564
 2416
 8587
 4416
 7231
  439
 8646
 2778
 1110
  127
 7512
  534
 8932
 6561
 3365
 5550
 5172
 5085
 2814
 6419
 7000
 9719
 4276
 3320
 8612
   34
 8488
 6875
 4041
 6339
 3885
 6966
 9019
  316
 1030
 6919
 4533
 6858
 9114
 3191
  767
 9915
 2713
 3795
 5513
 2354
  709
 9977
 8426
 9398
 5536
 2932
 3134
 7190
 5769
  699
 7474
 7417
 2422
 4350
 6167
 8274
 5368
 4852
  805
 9589
 8380
 4139
 9247
 2379
 6365
 2191
 2591
 8768
 4171
 1404
 3989
 8520
 7984
 7667
 7492
 1354
 7334
 9216
 3921
 9545
 5011
 7601
 4332
 6043
  132
 8588
 7138
 5131
 1737
  135
 1059
 6320
 6640
  402
 6926
 3759
 1533
 7175
 9406
 8085
 5938
 1301
 3847
 2001
  111
 9705
 9540
 7559
 4983
 5559
 6556
 3923
 5313
 7122
 3975
 5036
 1158
  742
 4951
   52
 5050
 5005
 3862
 2087
 1280
 4380
 5439
 7162
 2516
 4438
 2099
 6053
 9983
 3059
 4218
 4695
 9686
 2307
 5666
 4683
 1598
 8338
  967
 1398
 5569
 4599
 1952
 8368
 7776
 1380
 6660
 7980
 4177
 7047
 2400
 9543
 7542
 1959
 7673
 8648
 2817
 1140
 4095
 4471
 9751
 1053
 2651
 3494
 5674
 2913
 5324
 8055
 4895
 1717
  324
  868
 1163
 4834
 6064
  668
 4310
 7075
 5363
 2358
 3184
 2139
 8487
 7780
 4468
 8047
  741
 1423
 3809
  566
 6219
 8736
 8324
 7713
   72
 3279
  886
 3226
 1601
 8506
 2797
  358
 3907
 7848
 9494
 1528
 8052
 2396
 2950
 2247
  352
 2938
 2669
  658
 8296
  674
 2232
 1970
 2544
 9860
  315
 3356
 4992
 1742
 1539
 2464
 7988
 3538
 2150
 9609
 8809
 6572
 9875
 5409
 4262
 3967
 3831
 3204
 6359
 8755
 1765
  128
 1546
 9116
 4023
 5021
 9334
 7545
 1469
 4051
 9672
 6800
 2366
 4323
 9379
 1983
 6306
 4417
 8978
 8924
 4555
 8014
 1928
 3037
 3851
 4821
 1106
  312
 7522
 5920
 8531
 5276
 1571
 7825
 6268
 6728
  492
 3645
 8541
 1352
  425
 1167
 8899
 6055
 5511
 5211
 8003
 3869
 8884
 5231
 3849
 5081
  538
 3408
 7057
 3234
 2804
 4422
 2851
 9895
 8800
 6098
 5598
 4873
 7024
 7055
 3850
 6080
  332
 4109
 6752
  649
 8061
 2355
 4423
 3980
 5902
 5634
 7499
  203
 6292
 1209
 2485
 5795
  802
 9258
  520
 9011
 6149
 3598
  720
 7782
  808
 1394
 5708
 2582
 9437
 7822
 6689
 7794
 4008
  852
 2340
 5780
 3981
 4586
 2574
 5450
 2586
 9523
 8889
 1017
 9804
 3701
 6985
 7050
 4954
  355
 2347
 1230
 7250
 2496
 2664
 1691
 3417
 2437
 2995
 6594
 2801
 9141
 6877
 9830
 2857
 2860
 6908
  718
 1802
  759
 6193
 6762
 7461
 6304
 3086
 7899
 3169
 6852
 3665
 5724
 8539
 9445
 3821
 2177
 4121
   21
 6779
 7073
 7096
 7412
 5461
 6749
 7606
 8249
 4525
 3479
 8451
 4817
 4779
 5706
 7655
 6192
 1906
 7680
 3918
 6507
 5343
 9827
 3688
  948
   69
 1363
 2360
 1815
 2090
 1451
 3071
 2996
 4227
 9404
 6262
 1101
 3693
 6781
 2566
 9387
 6307
  702
 8026
 1622
 8421
 1554
 2775
  751
 6177
 7008
 4342
 9730
 2093
 5504
 2052
 3162
 2134
 4340
 7584
 4424
 6967
  250
 1320
  561
 5205
 3519
  217
 5232
 7159
 8210
 5008
  779
 6623
 6624
 5967
 1227
 8720
  872
 6766
 2747
 1532
  655
 6247
 6951
 8292
 7567
 7935
 6664
 7387
 6768
 2433
 7853
  999
 3259
 7840
  807
 4491
 6621
 9723
   66
 3682
 5886
 3052
 9097
 1367
 2621
 7506
 9932
 8748
  901
  323
 7630
 8829
 5262
 5675
 1041
 6716
 8376
 1389
 7533
 6240
 3411
 5098
 8335
  640
 5161
 6425
 8535
  156
 1473
  413
 7785
 3137
 1119
 5015
 9808
 7469
 5891
 6691
 8293
 5662
 7708
 1132
 7948
 7108
  703
  151
 6482
 7118
 4978
    2
 7294
 3048
 1576
 1858
 6984
 8760
 7187
 2444
 9038
 1341
 2672
 8190
 3883
 3527
 5815
 3789
 8805
 9311
 7320
 2330
 5551
 1796
  697
 9669
  275
  183
 8991
 7573
 6016
 3982
 7212
 3296
 2943
 2650
 9753
 3263
 8384
 5710
 4297
 8705
 9851
 6824
 6137
 4435
 3283
 4687
 7286
 4643
 2760
  226
 2534
 3867
 1831
 2335
 5961
 8238
 4701
 8413
 8490
 6416
 7124
 5992
 7857
 8339
 1729
 7519
 1092
 5467
 5472
 4791
 1730
 6349
 3019
 3415
 6981
 3210
 6200
 3974
 6884
 6356
 7893
 6513
 1211
 5684
 8410
 9675
 7006
 5680
 7619
 2757
 9769
 8616
 8040
 6811
  369
 5286
 4841
 4552
 3084
 3060
 8336
 1121
 4419
 2985
 8528
 5747
 1967
 7053
 1779
 7345
  644
 1287
 8008
 6501
 9724
 2823
 5183
 1178
 7058
 3121
 9520
 1417
  533
 8174
 6528
 8925
  466
  116
 5046
 3286
 8786
 4536
 4385
 2343
 1513
 1252
 7639
 2069
  108
 9601
  783
 7099
 5770
 5414
 7253
 5189
 1340
 8107
 6535
 4539
 2998
 8044
 1740
 9340
 6471
 6355
 5682
 4716
 3783
 9886
 5482
 1911
 2238
 7719
 2245
 5474
 5838
 2951
 9865
 9749
 4838
  311
  817
 2304
 3814
 9907
 7283
 5719
 4309
 6152
 5121
 9149
 8804
 8492
 5590
  212
 9527
 8770
 6604
 5929
 2622
 4206
 6910
 1645
 5322
 7197
 9315
 3074
 8038
 6197
 7993
  329
   14
 8659
 2116
 3157
 1206
 1621
 2631
 4801
 1958
 4450
 8080
 5344
 8592
   37
 5170
  292
 8666
 8370
 9121
  830
 3628
 9930
 2894
 7694
 5726
 6445
 1509
 3267
 4788
  260
 3922
 1067
  489
 5851
 3687
 5522
 7723
 5631
 4865
 7904
 2086
 6371
 2445
 5763
 1115
 4191
 5227
 4631
 3720
 3434
 5222
 3067
 8853
 3292
 2397
 7683
 4293
 3652
 6072
 1900
 7209
 3438
  994
 4602
 4064
 1125
 2506
 8015
 8444
  878
 1224
  824
 8801
 7178
 8792
 6525
 3017
 3786
  193
 9380
 7398
 5320
 1780
 5692
  634
 1048
 4778
 7059
  256
  991
 5438
 7978
 5548
  875
 2964
 6667
 5799
  514
 3253
 8797
 8277
 4592
 2979
  685
 4824
 2846
 7249
 7185
  319
 4007
 4714
 4427
 8215
 2137
 7688
  257
 7920
 7727
 1321
 8533
 3626
 7760
  637
 7239
 3394
 6795
 8484
 3502
 5639
  361
 7454
 4572
 1015
  233
 5604
 7894
 4022
 4021
 6941
 6298
 4896
 9841
 5642
 8354
 3196
 9607
 8252
 3220
 9048
 9581
  365
 8883
 5416
 9755
 7079
 4492
  651
 1835
 3618
 7441
 9720
 5209
 7496
 8231
 9382
 1029
   16
 3370
 2568
 9873
 5293
 5866
 4269
 1470
 7316
 5948
 9428
 3829
   85
 3548
 3221
 7859
 3539
 8106
 6246
 4280
 4766
 2276
 1412
 3026
 9844
 5159
 2777
 1104
 3886
 6566
 9333
 1995
 2241
 5057
 2136
 5486
  406
 6224
 5934
 9959
 2878
 4085
  330
 9138
 5578
 4892
 9401
 2765
 7292
 2625
 8837
 5389
 7273
 5002
 6574
 1908
 7846
 8938
 1494
 7611
 2704
 5152
 2144
 4299
 9179
 1168
 7181
 7151
 6431
 8166
 9721
 6938
 9237
 2530
 1176
 8914
 2798
 8397
 5524
 4995
 1977
 2787
 4337
 8184
 2324
 8906
 7104
 9078
 9325
 3035
 1146
 6051
 9483
 4511
 8156
 9765
 3439
 8553
 9000
 5501
 9052
 9511
 8643
 4457
 7839
 9234
 6994
 7583
 2807
 6180
 2689
 1231
 8730
  247
 9429
 1313
 4566
 5382
 2226
 8524
 5441
 3711
 6295
 8495
 8821
 1329
 6842
 3854
 2813
 4194
 2299
  286
  342
 3736
 2736
 8985
 3142
 7620
 8092
 7732
 8515
 1861
 9368
 4441
  905
 6665
 9701
 1196
 6068
 4960
 3403
 6475
 9832
 5108
 8989
 6130
 9115
 5316
 8532
 7693
 9131
 8219
 5283
 9350
 5621
 4205
 4229
 6928
 9096
 2300
 9735
 1381
 5146
  694
 5468
 1746
 3395
 2709
 3737
 1109
 4275
 2997
 8496
 6679
 2989
  343
 1774
 4763
 2595
 3833
 1278
 5890
 9443
 8361
 5746
 5491
 7421
 6407
 8966
 3775
 5128
 8122
 9168
 3552
 7830
 7806
 1225
 2029
 9646
 3093
 6384
 8131
 6755
 8969
 2948
 1288
 5980
 2974
 3969
  371
 6394
 7607
 9521
 2486
 9205
 3540
 9324
 1262
 3748
 9388
 8127
 9190
 9900
 5950
 6485
  970
 5796
 4590
  502
 4690
 5703
 3160
 3183
 3841
 7917
 7389
 8130
 4678
 6139
 2498
 5913
 7242
 3483
  165
 2125
 9880
 2390
 4378
  535
  678
 7922
 2783
 9777
 7817
 6274
 7790
 7140
  764
 9043
 7211
 5525
 1144
 5342
  409
   26
 7479
  627
 3704
 1529
 2043
 8440
 7652
  629
 2469
 4812
 6605
  949
 8095
 6411
 8429
 2066
 7856
 3354
 9801
 9008
 5919
 9988
 9118
 8838
 1334
 5280
 5896
 5842
 6814
  775
 6241
  449
 5793
 2260
 1499
 8859
 1073
  262
 5133
 5754
  860
 6256
 2863
   63
 6264
 8540
 8236
 9709
 9514
 2680
 3345
 2061
 4949
 2654
 1568
 1722
 5064
 9416
   39
 5245
 6536
 6978
 8897
 9884
 5908
 6017
 6533
 3924
 9781
   86
 3970
 3549
 1805
 3297
 4075
 3379
 8093
 4600
 7063
 8675
 1562
 4470
 4964
 2637
 6018
 6999
  248
 6839
 2065
 4638
 9307
 1289
 5190
 7861
 1745
 7862
 3567
 3984
 6140
 1744
 5476
 2256
 9638
 8007
 8762
 4857
 4161
 1714
 8101
 7208
 3944
 7180
 3948
 5202
 7959
 7407
 5809
 9920
 3526
 4168
 9639
  735
 4805
 8774
 2628
 9306
 1013
 8672
 2167
  393
   97
 4743
 3760
 3355
 6900
 3255
 2164
 8567
 4790
 2456
 2990
 6350
 6695
 3763
 2541
 7766
 1904
 5265
 8636
 1553
 9871
 9227
 9802
 6353
 5817
 2824
 1482
 4862
 8813
 8930
 1860
 6450
 8816
 8032
 4414
 8658
 5221
 6888
 3524
  877
 6437
 4030
 9452
 1384
 3332
 4429
 2805
 3149
 8099
 5420
 4393
 6433
 3747
 9101
 9213
 2387
 5201
  508
  820
 9433
 4038
 7510
 7626
 4266
 8855
 4434
 7787
  728
 3992
 1628
 2418
  791
 9035
 6332
 9356
 8499
 1496
 5359
 2305
 2581
 4039
 2158
 6637
 6005
  588
 5664
 1882
 7248
 8795
 3602
 4699
 8050
 9269
  738
 6739
 5546
 4718
 5570
 6414
 3146
 7518
 4235
 8340
 1130
 9249
 3192
 4050
 9941
 6903
 7638
 2124
 1760
 6500
 1757
 2089
 2254
 9816
 9939
 3683
 2458
 4616
 9162
 3644
 6732
 2253
  684
 3032
 5151
 1510
  341
 9948
 6548
 1665
 3791
 5509
 2616
 6557
 2987
 1743
 3940
 7198
 9152
 1076
 1006
 1960
 3199
 6986
 8011
 8708
 6035
  564
 2404
 8170
 2472
 7139
 4836
 4402
 9297
 3339
 1775
 2216
 7896
 3640
 7635
 1917
 5637
 4503
 1537
 8810
 9194
 7642
 2477
  740
 5648
 8742
 1703
 5259
 3797
 8005
 2716
 2128
   93
 6685
 3349
 2891
  621
 6936
 9112
 2479
 3420
 1501
 6116
 6799
  518
 8674
 2659
 5289
 3085
 4447
 6082
  453
 2991
 3488
 4520
 5714
 4652
 3839
  689
 4298
 1816
 7488
 9947
 4211
 1446
 5812
 8306
 5661
 1758
 8998
 8744
 1797
 7878
 8020
 6497
 6154
 9927
 3572
 5617
 3660
 4547
 8663
 7110
 6352
 4711
 1203
 5686
 6297
 2605
 4816
 1034
  337
 2646
 8281
 1447
 3889
 3994
  931
 7261
 7801
  162
 7627
 6793
 7144
 9627
 8972
 3904
 1749
  880
 7937
 4919
 5348
 6772
 9140
 7314
 5545
 3447
  498
 2431
 4092
 5178
 2024
 8865
  290
 2266
 3051
 4375
 4765
 1356
 1432
  101
 8769
 3584
 6036
 2761
 3352
 9740
 4692
 5517
 3487
 5370
 6381
  192
 6661
  737
  614
 7036
 7447
 2968
 5285
 4106
 4830
 7742
 2686
 3243
 9029
 7679
 9348
 5764
 7169
 6208
 3530
 5588
 9092
 3271
 5788
 5230
 3340
 5127
 6957
  976
 1890
 8961
 7539
 4835
 4676
 8719
 8485
 6625
 6912
 6511
 3819
 2825
 6724
 8022
 5542
 6012
 2120
  206
 7833
 6362
 6516
  961
  281
 2749
 8597
 1670
 3478
 4947
 6700
 1677
 4428
 2523
 5768
 4722
 1217
 2599
 8401
 3232
 9268
 4284
 1480
 6622
 3646
 7336
 4067
  104
 9738
 7297
 4654
 1347
 5162
 2829
 1520
 5819
 3474
 2000
 9882
 4757
 4160
 4209
 7957
  774
 8183
 3200
 7743
 5655
 6547
 7433
 9673
 7143
 6073
 5449
   76
 9531
 4906
 9573
 6038
 6833
 8222
 9933
 6616
 2348
 8564
 2657
 1655
 5040
 2636
  245
 1077
 7091
  433
 8494
 4474
 6549
 8793
 1675
 6259
 2617
 8086
 4975
 8417
 1236
 4162
 6218
 2877
 2681
 3647
 9119
 4374
 8145
 3011
 9991
 9053
 8137
  663
 2533
 7989
 6965
 9054
 3344
 8428
 8449
 2916
 5140
 8845
  661
 1778
 9578
 5691
 1147
 5538
 4679
 7737
 7832
 2915
 2192
 2526
 2094
 3316
 3100
 9870
 1593
 7354
   20
 8679
 4354
 5429
 1597
 6644
 8759
 8149
 1402
 2509
 2771
 3972
 3505
 9553
 7981
 2269
 5446
 9617
 2501
 3634
 1682
 6649
  548
  163
  386
 4872
 4454
 5729
 9499
 1838
  997
 2886
 4107
 2227
 3606
 5628
 5742
 7246
 1542
  827
 7477
 8367
  910
  734
 9970
 6569
 5883
 5171
 8023
  422
 4621
  811
 7768
 6802
  161
 5089
  920
 2705
 6886
 4289
 7163
 3623
 3843
 7086
 8513
 2303
 5798
  996
 7718
 6085
 1728
 8382
 2034
 5453
 1726
 3425
 4189
 2262
 4499
 8739
 2782
 9221
 9888
 9530
 5149
 8257
 5981
 7942
 3632
 3377
 3878
 4921
 3028
 9509
 6909
 8508
 5965
 5618
 5116
  221
 3429
 6459
 5957
 1795
 2204
 2412
 1085
 7014
 3227
 6834
 9632
 4505
 2278
 8414
 6103
 4774
 4744
 7701
 1538
 9126
 2600
 2092
 6764
 2068
 8695
 6066
 7395
  823
 5120
 8568
 6263
 5979
 7428
 1428
 3000
 8846
 4740
 3305
 3871
 8374
 9441
 9285
 5223
 6481
 5916
 4524
 4848
 1820
 5333
 6477
 4987
 1409
 8562
 3749
 7216
  474
 3373
 1592
 4980
 8714
 5865
 5481
 2717
 2288
  363
  148
 8035
  574
 8842
 6325
 3597
 2741
 7720
 9001
  441
 6397
 4018
 5065
 8069
 9080
 6895
 1255
  701
 7538
  903
 9430
 5137
 4302
 1982
 8668
 3965
 4916
 5531
 4887
 5288
 5681
 4476
 9849
  981
 1990
 2531
 5888
 3966
  284
 3566
 8996
 5195
 3118
 8406
 4363
 5071
 4768
 3798
 3237
 4362
 7210
 1344
 8984
 7625
 1129
 8877
 9604
 6252
 1832
 6207
 8194
 1069
  974
  280
 1441
 2239
 9848
 9987
 6598
 6778
  715
 9461
  205
 1355
 9488
  894
 5523
 5193
 4281
 4345
  137
 1922
 7590
 7587
 8677
 1107
 3782
 2482
 4370
 3589
 5626
 8475
 4466
 4226
 6236
 9172
 6820
 7357
 4159
 8412
 1099
 4336
 8630
 6849
 8071
 6713
 1870
 1545
 9572
 1124
 8465
 5458
 2883
 8427
 7207
 1397
 1950
  314
 9741
 5239
 3662
 7277
 9640
 9834
  270
 9794
 5544
 6376
  305
 7675
 4359
  909
 7188
 9793
 3551
 6070
 2417
 1421
 9155
 1963
 9326
 5740
 9393
 3401
 9726
 1918
 1692
  578
 2784
 6726
 9042
 6540
 3884
 5078
  591
 8893
 7684
 3616
 6467
 7423
 4504
 8304
 1348
 7230
 4252
 4225
 9252
 8303
 1652
 9169
 4261
 8725
 5238
 1630
 8517
 2108
  876
 8100
 5031
 4497
 8689
 9328
 6741
 9196
 7574
  103
 9083
 2252
  477
 1180
 2296
 1437
 5568
 6868
 7436
 1725
 7376
 7695
 6876
 8471
 4608
 2332
 1074
 7234
 1135
 8115
 2972
 9125
 8042
 6296
 9195
 4028
 4894
  821
 8321
 3835
 7946
 8585
 3024
 1905
 5460
 8700
 5418
 6758
 1643
 1945
 4782
 5425
 1889
 3132
 2906
  962
 8870
 5774
 2967
 5685
 6299
 5144
 5296
 2610
 7597
 2816
 9094
 3282
 9026
 5573
 2931
 1517
 3991
 2156
 7692
 2346
 4773
 1184
 8671
 3197
 2047
 7380
 3603
 5687
 7958
 5385
 7282
  168
 1308
 4472
 9935
  882
 3523
 5093
 7991
 2790
   99
 6521
 5804
 8018
 7769
 7247
 3119
 2848
 1731
 6343
 2259
 8596
 5135
 3144
 6505
  197
 7765
 8076
 5394
 1834
 6669
 6940
 4574
 5258
 1508
 8031
 4502
 4920
 9313
 2929
 4496
 5757
 3535
 5947
 4311
  657
 5932
 2756
   27
  947
 7480
 9928
 7329
 7256
 1972
 6861
 7649
 5145
 2557
 5228
  895
 6230
 1721
 2740
 6534
 4251
 5197
 3690
 6107
 7525
 2044
 6008
 4479
 5843
 5219
 8526
 6650
 2992
 5833
 8903
 8935
 6950
 1120
 4793
 7814
 3307
  404
 1763
  220
 1371
 1781
  851
 5044
 4464
 5294
 9634
 6112
 4883
 3451
 4700
 7481
 9951
 6780
 1985
 6509
 8537
 6602
 9345
 7788
 6731
  461
 6596
 2796
 6773
  304
 3858
 9409
 7786
  414
  380
 5785
 1641
 7561
 5433
  963
 8523
 4437
 9489
 3492
 2575
 4522
 3613
  285
 9015
  207
 8514
 3744
 1462
 7051
 1335
 2308
 7252
 1500
 8214
 9606
 9676
  227
  525
 9619
 8325
 5066
 6823
 3735
 6178
 8158
 7087
 9288
  210
 3667
 1661
  549
 6162
    7
 6442
 4702
  646
 5725
 6702
 7779
 1350
 8598
 8074
 9028
 9624
 7836
 3779
 2983
 6044
 3161
 1229
  216
  115
 5070
 7552
 5832
 2602
 3863
 7599
  916
 8856
  497
   62
 6062
 7541
 4637
 8057
 7524
 1561
  790
 8912
 5515
 1275
 1845
 7165
 9980
 6872
 5946
 3293
 3148
 2827
 1668
 8756
 4917
 9654
 6014
 3338
 1829
 3291
 1160
 7021
 3868
 5074
  919
  837
 4560
 3537
 5269
 1233
 9399
 2114
 5797
 4015
 5914
  784
 3145
   77
 8272
 5801
 1907
 2754
 5810
 7939
 4770
 7940
 3347
 6398
 8070
  716
 4513
  279
   91
  844
 3266
 8169
 7994
 5086
 1145
 2723
 9167
 5583
 5396
 5935
 3553
 9969
 9544
 6788
 3656
 8863
 5366
   82
 6367
 9275
 1111
 6441
 5873
 9426
 2673
 7471
 3516
 9498
 9596
 7798
 2742
 9472
 6015
  933
 8175
 5167
 1319
 9925
 5080
 4993
 5813
 9788
 9674
 8637
 3685
 5826
 9045
 5424
 8556
 7203
 3230
 5944
  242
 3773
 1094
 2910
 3755
 6212
 1112
 2325
 6737
 6870
 1481
  523
 2911
 1864
 7952
 2083
 3004
 7278
 3951
 5606
 7189
 2166
 1415
 4187
 4990
  946
 7309
 3202
 5327
 6681
  726
 7515
 1149
 6573
 1764
 8407
 1809
 5082
 9893
 7359
 9130
 6118
 6069
 2133
 3123
 6480
 6166
 8519
 8987
 9786
 5360
 8377
 6646
 3973
 2731
 9109
 5257
  888
 4188
  696
 7156
 7041
  975
 4115
 2045
 1880
 8356
 8244
 1492
 2030
 8512
 9905
 5644
 6410
 9577
 1558
 5831
 3378
 5326
 3846
 3185
 7804
 8764
 4296
 1649
 5273
 8096
 9767
 6327
 7802
 8824
 5141
 6495
 8661
  969
 5287
 5381
 8463
 2895
  487
 5884
 5147
  571
 8365
 1434
  412
 5048
 1522
 2556
 5893
 8387
 3754
 4604
 6931
 1676
 6859
 4696
 5166
 8209
 2095
 3509
 4000
 4248
 7291
 3888
 7757
 1411
 8205
 1992
 2660
 5198
 9248
 1392
  456
 7366
 9024
 1459
 6998
 3346
 5042
 1139
 3579
 5717
 4762
 9145
 6093
 3856
 4603
 2188
 7353
 8802
 6302
 6518
 1549
 7150
 5777
 9060
 8766
 1708
  335
 5302
 8203
 6020
 1631
  524
  158
 9814
 5056
 3303
  611
 9485
 7604
 3985
 7415
 9519
 7954
 2540
 6615
 6188
 3141
 3913
 9208
 3874
 3820
 2632
  917
 5075
 4625
  995
 9812
 7812
 9408
 8844
  631
 3643
 4223
 5998
  428
  190
 5765
 7845
 2676
 5576
 3902
 4381
 8726
 7374
  480
 1613
 8560
 1359
 9329
 6763
 7843
  339
 5102
 6083
 4190
 1555
 1811
 6319
 4493
 5683
 4157
 3914
 7823
 6727
 1639
 6503
 1498
 3695
 5045
 5694
 7938
 1818
 2551
 2873
 8189
 7391
 1208
 6826
 7744
  531
 1814
  294
 2141
  686
 7237
 2406
 7815
  912
 1222
 4462
 2733
 3497
 9898
 7167
  471
 4867
 1871
 4542
 9574
 7972
 3890
 8379
 1566
 7662
 5982
 3231
 2988
  320
 8790
 3881
 1122
 9146
 8051
 9278
 9597
 1024
 3180
 7608
 9233
 1932
 7722
  551
 2640
 7754
 9637
 3446
 6470
 1155
 1360
 5216
 5490
 9592
  288
 4673
 1495
 8901
 5175
  925
 1624
 1955
 2079
 7111
 4551
 5659
 3882
 7457
 5972
 8825
  924
 9548
 1072
 2367
 1843
 8489
 1898
 5977
 1242
 5771
 2554
 3290
 4703
  676
 6770
 3179
 2210
 9223
 5345
 5629
 4630
 5362
 9449
 7763
 2432
 4850
 7970
 3708
 1188
 7085
 6046
 7183
 6028
 4043
 7493
 7531
 3674
 5119
 5317
 7911
 5656
 3959
  276
 4519
 4825
 7287
 4303
 6115
 5037
 3108
 2612
 4829
 7227
 5007
 6857
 6267
 4215
 4443
 1086
 9344
 2351
 5340
 7346
 9728
 3518
 8918
 1435
 3424
 6004
 3359
 7532
 1854
 9908
 8960
  173
 7797
 9493
 8294
 7016
 7257
  171
 2075
 3668
 3471
   46
 9999
 7527
  867
 5970
 6719
 8964
 4918
 8946
 4657
 1842
 8831
 4653
 6887
 9128
 4646
 9338
 5605
 7325
 8794
 4150
  839
 3719
 6106
 7772
 9470
 5759
 7090
 7731
 8088
 7327
 9558
 7328
 2385
 7192
 5395
 6757
 1218
 2265
 8710
 4614
 4759
 3281
 7129
 2170
 6176
 7201
 1660
 8402
 3903
 6962
 9522
 7394
 3444
 7341
 7267
 4736
 2994
 2648
 1197
  899
 6420
 8087
 6266
 7062
 1431
 5624
 3983
 7311
 8181
 8684
 7709
 8447
 2220
 5379
 6412
 2461
  664
 5099
 3897
 3536
 4924
 3306
 2484
 4998
 5829
 6227
 5500
 7171
 7035
 6769
 6988
 5827
 5723
 3911
 5640
 3008
 6686
 3946
 4876
  687
 1791
 2729
 9746
 4415
 2744
 6585
 6771
 8392
 1182
 8411
 1564
 2105
  609
 8995
 5003
 6527
 7101
  308
 7226
 6659
 2471
 5748
 8570
 6972
 5067
 6597
 8218
 1486
 2793
  145
  124
 6363
 9487
 7023
 1519
  914
 4747
 7591
 6027
 7015
 6867
 1042
 5466
 6102
 7268
 7858
 5787
 8957
 1244
 8657
 5574
 5701
 8812
 9585
 8843
 2867
 7644
 6935
 1948
 6239
 5658
 8332
 7738
 9857
 9978
 6476
  854
 4338
 2532
 2725
 9820
 6822
 9304
 6446
 5448
 9842
 1274
 3891
 1173
 3006
 9301
 4446
 5503
 4813
 5332
  757
 5255
 8226
 1325
  956
  170
  442
 2764
 3280
 6338
 7585
 3836
  719
 8270
 4579
 6079
 8053
 1450
 1713
 3450
 5927
 4624
 9964
 2413
 5654
 9362
 6946
 3163
 5821
 8333
    3
 7351
  850
 7486
 4154
 9946
 6271
 1941
 7166
 6393
 2474
 6041
 3061
 8858
 8314
 1000
 6161
 6880
 1605
 1251
 8438
 2889
 3228
 6921
 4324
  654
 5778
 5303
 2081
 6751
   44
 6153
 3495
   87
 2663
 7747
 9266
 7844
 1637
 4142
 2135
 1118
 2942
 3241
 3796
 1541
 9635
 9330
 4213
 3545
 1243
 4804
 3812
 2536
 1618
 9318
 5791
 3189
 1993
 5872
 3800
 7562
  677
 4175
 2818
  347
 7475
 1443
 6743
 4285
 1239
 7350
 8337
 7465
 7610
 4494
 1920
 5041
 8631
 1792
 7438
 8702
 4686
 2173
 4632
 5595
 9377
 9912
  153
 9273
 9742
 9061
 1867
 5213
 1693
 9066
 5632
 3341
 7424
 5243
 6630
 3351
 5263
 5337
 1998
 3937
 1162
 7265
 1876
 8525
 4328
 8749
 3906
 7200
 8555
 3663
 6125
 3219
 5234
 1281
 9360
 2159
 4163
 6543
 6855
 2018
 5157
  159
 6458
 3933
 8682
 1137
 1331
 3448
 9419
 7609
 2255
 9644
  191
 4693
 8803
 9541
 8777
 5784
 3818
 8454
 3247
 6581
 8633
 3182
 3870
 3014
 5421
 1161
  795
  710
 2737
 6709
 2459
 3700
 4593
   30
 7317
 9549
 1150
 7928
 8781
 4395
 8147
 7877
 7312
 5186
  501
 9316
 1391
 2766
 5039
  893
 3245
 3022
 1143
 6432
 9879
 7456
 4929
 6282
 3207
 1909
 3588
 6291
 8171
 5061
 6108
 6947
 9937
 3684
 3813
 5620
 6076
 2242
 6145
 5994
 9383
 7791
 9397
 6580
 2691
 2634
 6767
  368
 1679
 3658
  434
 5915
 1698
 4549
 2720
 1923
 3090
  662
 5110
 9302
 4775
 8142
 9226
  907
 5861
 7443
 7687
  252
 3801
  377
 3380
 7704
 9281
 8518
 6784
 6331
 7926
 9586
 3822
 7009
  309
 1683
 8673
 3655
   49
 7558
 8579
 4449
  870
  146
 5485
 4677
 1430
 5704
 7378
 5856
 5094
 5298
 8954
 1240
 2510
 9299
 5160
 7509
  539
 8161
 3594
 5053
 7623
 6576
 6228
 2629
 5619
 7707
 9230
 2679
 2129
 9850
 2475
 8064
  373
 6830
 9440
 1614
 4245
 8313
 5489
 2446
 2880
 8386
 1869
 2751
 9944
 2002
 4315
 9956
 1177
 7711
 9135
 1192
 9479
  972
 9896
 9303
 8176
 1926
  871
 5700
 1316
 6684
 6312
 9074
 2258
 1426
 1559
  573
 8436
  626
 7820
 5028
 4650
 2201
 7132
 5272
 3475
 3830
 6202
 2339
 6265
 3963
 4922
 8654
 5378
 5284
 9335
 9552
 5818
 5248
 2190
 3717
 1306
 7966
 4473
 8557
 5625
 9945
 5707
 2369
 9006
 7645
 5430
 3042
 7819
   32
  843
  671
 5616
  589
 3170
 7133
 9936
 1300
 2132
 1260
 2803
 7888
 8258
 6059
 4871
 8818
 6590
 4819
 9425
 4389
 5925
 1521
 5753
 4789
 1337
 1515
 7852
 7220
 2871
 2151
 8847
  555
 1128
 1386
 1142
 5440
 1523
 9757
 3368
  773
 4430
 2833
 2920
 2921
 6029
  259
 9229
 1884
  801
 6303
 8318
 2572
 4928
 9510
 7224
 5688
 7751
 6526
 8126
 6135
 4232
 7871
 3363
   61
 2836
 1338
 8350
 2048
 9685
 4681
 4234
 3556
 6565
 9534
 5434
 2755
 3158
  328
 2553
 1938
 9855
 3531
 7011
  580
 4853
 3900
 4313
 8949
  318
 5554
 3614
 4200
 4648
 2500
 1878
 1736
 8056
 3391
 2549
 5402
 1254
 2428
 2711
 5596
 5543
 6334
 8584
 3098
  265
  992
 4831
 3770
 5380
 6194
  351
 2357
 7060
 9690
 5560
 8905
 7466
 1711
 2687
 9924
 6395
 7300
 7244
 3094
 8833
  745
 6805
 1382
 4379
 4858
 3335
 5224
 5806
  789
 1297
 3508
 1606
 5001
  782
 1349
 8869
 2290
 3810
 2060
 8728
 1474
 1221
 2338
 7383
 8872
 7767
 3423
 6678
 2345
 6653
 7400
 4283
 8192
 4576
 2767
 8550
 9645
 4400
 9569
  349
 9046
 1234
 8566
 8150
 7271
 5709
 3029
 9506
 4135
 8758
 1680
 1810
 7995
  766
 9327
 4952
  488
 8393
 6786
 1066
 8054
  396
 5006
 7089
 3562
  746
 5949
 2328
 7729
 3926
 1671
 4521
 4958
 9342
 4083
 9354
  186
 1318
 4565
  468
 3414
 8571
  236
  444
 5984
  855
 7402
 1707
 7778
 5943
 2209
 2280
 3065
 4968
 6812
 2107
 8347
 2986
 8874
 7783
 6189
 6390
 5462
 2409
 9210
 8390
 4367
 4939
 2197
  405
 7725
 4663
 7031
 7235
 6317
 7918
 6164
 1205
 2361
 7971
 2969
 8443
 9211
 8594
 8360
 4192
 4364
 8302
 8717
 7348
 9783
 6422
 4856
 9889
 9602
 5518
 7755
 3315
 3499
 2370
 9471
 7908
 9858
 8268
  455
 7405
 8435
  452
 2864
 9120
 8280
 5898
 4071
 7418
 8455
  407
 6683
 9104
 2945
 7379
  607
  179
 6171
 6229
  440
 4541
 9373
 6634
 2868
 9734
  423
 7338
 6439
 8732
 3619
 6699
 6595
 6273
 7445
  602
 4955
 3622
 9295
 6182
 4025
 9164
 3426
 3599
 1530
 7962
 9670
 9005
 8208
 2884
 3987
  683
 1062
 9191
  144
 8114
 1410
 9257
  648
 7689
 9797
 9699
 2904
 7565
 8416
 3128
 7656
 2585
 9984
 5563
 2352
 9476
 6344
 5541
 5663
 6589
 3738
 8641
 3741
  642
 2707
 7343
 1105
 4339
 7866
 6466
  340
 1701
 4220
 8968
 7404
 7332
 4029
 5955
 7750
 4749
 1136
  298
 9200
 4860
 2656
  616
  536
 2373
 4032
 1962
 2703
 5417
 9181
 1366
 7973
  496
 7570
 2695
 5403
 4875
 7526
 3025
 2776
 3587
 8917
 5534
 9971
 6042
 8706
 1025
 8090
 9395
  374
 5999
 9614
 8676
 3407
 7831
 6753
 9218
 8626
 6794
  762
  273
 5840
 6377
  541
 5009
 3879
 6550
 8680
 6184
 6742
 3629
 4254
 1466
 3357
 5507
 8278
 3961
 1249
 6488
 5697
 4908
 5314
 4957
 6168
 2959
 5736
  756
 4594
 6088
  908
 6725
 6721
 7403
 2187
 7628
 1400
 2270
 5097
 2613
 2587
 2555
 7042
 7964
 3600
 7921
 8452
 6976
 9477
 8558
 9374
 7622
  277
 1756
 1776
 7933
 2850
 9616
 7829
 6715
 4069
 2939
 9636
 7020
 8470
 7384
 3633
 8780
 8617
 8851
 2675
 7080
 3002
 1766
 7146
 5693
 8879
 6524
 3033
 4054
 3580
 8600
 7100
 5822
 6641
 1314
 1638
 7901
  426
 9533
 2272
 9805
  398
  476
 6022
 9040
 8619
 4870
 3461
 7067
  408
 4636
 3367
  218
 8861
 3648
 7381
 3517
 7659
 9979
 5880
 8819
 7793
 9207
 6975
 4397
 4224
 9630
 3455
 4868
  788
 3607
 6677
 9063
 4076
 6326
 3382
 7712
 6148
 7126
 4012
 9250
 3076
 9201
 6251
 1669
 7229
 6955
 3178
  515
 6146
  653
 6003
  322
  504
 4408
 5900
 9681
 6276
 8404
 8486
 8785
 8138
  778
 3591
 6932
 9938
 2053
 5976
 6567
 3872
 8509
  583
 7337
 4966
 5988
 8542
 5506
 5406
 7280
 9030
 3500
 3264
  204
 2098
 9789
 9688
 6155
 6314
 3938
 3154
 4544
  325
 9022
 7127
 2180
 4725
 5857
 8433
 2181
 7976
 1154
 9082
 4204
 2466
  546
 9512
 8634
 6710
  665
 9817
 3036
10000
 8504
   84
 1315
 4561
 2037
  712
 6449
 2912
  565
 6693
 6720
  633
 1088
 1924
 5498
 7579
 7881
 2668
 1855
  350
 4333
 9887
  966
 5922
 1058
 2597
 7113
  828
 2058
 9312
 8372
 2936
 2494
  174
  494
 8642
 9041
 3092
 7965
 7762
 8067
  944
 7495
 9775
  841
 1005
 3935
 1786
 8006
 1681
 3030
 9243
 5290
 4611
 5377
 6084
  483
 6791
 5653
 1064
 3376
 1166
 5678
 9361
 3898
 3369
  457
 4258
  622
 2738
 1440
 9231
 1078
 6311
 6885
 2758
 4994
 3095
 3877
 2926
 2465
 2096
  567
 1379
 8160
 5679
 6351
 5019
 9193
 1847
 2195
 9496
 3153
 5203
 5250
 3410
 4866
 9262
 2924
 2313
 3055
 6222
 4967
 2376
 2518
 9790
 2104
 7758
 2513
  117
 5330
 3003
 8182
 8963
 6813
 7900
 8590
 8230
 1114
 8276
 1068
 5820
   78
 1060
 5338
 9700
 5444
 2571
 4752
 2773
 7808
  231
 5419
 2025
 5184
 5671
 7548
 6120
 4291
 2674
 4961
 3449
 2692
 7179
 8267
 6060
 9839
 3941
 2590
 4843
   23
 6391
 4584
 1253
  149
 1596
 5432
 6882
 2497
 4145
 7485
 5733
  495
 1377
 7641
 1980
 3631
 1514
  793
 5132
 9953
  399
 8058
 9658
 4065
 5100
 3105
 5636
 6656
 2205
 8953
   47
 7706
 8544
 6629
 6392
 9659
 4720
 6451
 1187
 9583
 5118
 5139
 8527
 5325
 6077
 2961
  866
 6582
 8025
 3049
 3490
 9415
 7594
 6462
 3205
 9605
 1418
 5292
 3866
 1330
 5760
 4377
  698
 4639
 3621
 8129
 7546
 5443
  126
 2293
 2934
  133
 2398
 9165
 9070
 7451
 6853
 1557
  269
 8399
 5592
  150
 9919
 7322
 4733
 8009
 8563
 5496
 1961
 8103
 8328
  427
 2888
 2963
 6688
 1444
 3916
 3385
 7206
 2560
 4002
 3954
 9448
 9966
 7464
 2419
 7982
 3284
 3596
 4136
 5672
 6039
 1292
  721
 8195
 3887
 4272
  359
 2131
 6608
 1126
 1589
  274
 3971
 9557
 9296
 5802
 4889
 3908
 2046
 9086
  590
 4120
 3608
 1978
 4484
 8669
 7251
 8822
 6891
 2243
  552
 9560
 9995
 8041
 1747
 8721
 7392
 7577
 6694
 7770
 6272
 9364
 2847
 3804
 5480
 7967
 8575
 2543
 2853
 8745
 7907
 9215
 1632
 9475
 4515
  109
 8606
  381
 2652
 2447
 9613
 9798
 4307
 1183
 2084
  690
 4538
 5210
 7303
 1947
 2072
 9189
 2493
 8383
 1518
 7005
 4271
  140
  517
 6680
 9776
  864
 9736
 5869
 7177
 4518
 6631
 1449
 8141
 8458
 5355
 5155
 4024
 6375
 7038
 2295
 1619
 2606
 1935
 2655
 4114
 8862
 9955
 3637
 5823
 1215
  743
 7435
 5105
 3546
 4748
 3195
 2507
 5442
 7726
 6337
 9287
 3091
 6086
 1485
 4230
 4523
 8510
 1385
 6187
 3635
 6030
  856
 8690
 5668
 3654
 6095
 7992
 4833
 4265
 7741
 6006
 6655
 2630
 9102
 9420
 5479
 2393
 1195
 2126
 9906
 5180
 9260
 2292
 8021
 8326
  505
 1965
 9439
 7890
 8394
 9355
 9455
 4058
 5987
 7643
 3806
 3261
 9217
 6221
 9744
 9317
 3333
 8696
 9665
 4184
 4239
 1912
 6578
 7347
  691
 1723
 1609
 7795
 3005
 5350
 8091
  945
 3099
 6838
 7468
 6472
 8322
 9294
 1635
  490
 1886
 6654
 9009
 2217
 1620
 1706
 6917
 8607
 9308
 1102
 2306
 8089
 2470
 7710
  990
 9500
 8079
 2463
  198
 4996
 2316
 3504
 1720
 6185
 8206
 5593
  512
 4384
 8434
 3586
 8860
 2383
 2337
  486
 7363
 3167
 9610
 5196
 2063
 8727
 5737
 9518
 3927
 2993
 3620
 1771
  106
 9466
  378
 4562
 2608
 6618
 6289
 3044
 5645
 8502
  420
 3731
 9974
 8815
 6387
 3680
 1547
 7880
 3707
 2281
 7065
 6600
 4074
  301
 8940
 9343
 6308
 2240
 6734
 2076
 4682
 7759
 6873
 4399
 3034
 6522
 2697
 7629
 4003
 5163
   74
 3206
 6836
 1849
 5253
 4795
  443
 6094
 4884
 7979
 7784
 8599
 9826
 2271
 6987
 7593
 1049
 6396
  397
 9434
 2890
 3639
 9934
 7874
 8468
 5353
 6484
 1724
 7315
  258
 5428
 3164
 3777
  934
 7637
  604
 3489
 6603
 8287
 6682
 5528
 1343
 3104
 1014
 3422
 1117
 5783
 1827
 1247
 3433
 5752
 6408
 8201
 5451
 2786
 9972
 8767
 4128
 2859
 6404
 1012
 6347
 3428
 3934
 3470
 2849
 6122
 5963
 3480
 9950
 2670
 3043
 4570
 6913
 5556
 7543
 4130
 3386
  831
 4077
 9147
 2830
 9571
 1762
 4164
 1323
   88
  338
 9414
 5059
 9182
 4061
 4037
 1784
 8715
 7600
 2056
 4780
 3896
 8420
 3443
 6131
 9093
 3198
 1339
 8945
 4675
 2041
 5718
 7054
 2203
 5143
 5761
 5346
 7396
 8522
 8066
   29
 7202
 4944
 3442
 6844
 3999
 5926
 5552
 1134
 5404
 1468
 6756
 9538
 8418
   48
 1342
 3532
 3140
 9800
 2745
  199
 1002
 7013
 9228
 6034
 8369
 4236
 1045
 7419
 3079
 1836
 8308
  503
 4559
 5940
 5816
 2264
 2896
 7530
 5575
 1640
 5024
 3155
 3436
  989
 5427
 1915
 7448
 3832
 1172
 8185
 3496
 6203
 6483
  249
 4482
 8778
 7301
  955
 6138
 4286
 6336
 5339
 4047
 6575
  291
 1472
 5580
 6866
 4383
 7318
  189
 3943
 2702
 9351
 7147
 3327
 6897
 3314
 1490
 3452
 8990
 3837
 2020
  446
 1075
 6210
 3298
 4458
 7037
 4898
 7472
  739
 8980
   68
 3038
 1953
 6026
   18
 6894
 3133
 4119
 6546
 8931
 8936
 2436
 8937
  941
 1388
  804
 7803
 7295
 1271
 8048
 2410
 3172
 4477
 1658
 7761
 9591
 7571
 4149
 6714
  295
 2611
  181
 7868
 7184
 2359
 7523
 1850
 6380
 3393
 6430
 7386
   80
 4760
 5601
 5989
 4216
 9929
 2688
 2542
  155
 2327
 1027
 6379
 9336
 1819
 4352
 8483
 5941
 1788
 7064
  733
 8024
 6435
 6322
 4208
 7563
 5014
 1403
 4401
 1433
 4013
  147
  214
 5969
 3666
 2982
 8295
 1429
 1019
 4645
 6996
  723
 3757
  704
 9994
 8892
 4847
 7953
 6544
 8200
 3310
 2233
 7640
 3815
 2189
 3325
  727
 3762
 9656
 4001
 5566
 6254
  353
 6455
 5373
 2333
 8547
 7429
 9692
 8094
 6652
 8083
  164
 6729
 1913
 8910
  553
 6234
  224
  986
 4909
 2592
 6287
 2708
 6007
 6647
 4343
 1008
 2907
 2789
 2881
 9484
 3107
 5512
  833
 3288
 4217
 3258
 6172
 4267
 3229
 4481
 7549
 8253
 1653
 3348
 7807
 6787
 9438
 8976
 1937
 4094
  261
 7581
 2902
 4880
 3056
 9072
 6893
   67
 9056
 1266
 1894
 9349
 5309
 7974
 4407
 9279
 9163
 8004
  499
 1370
 4907
 3114
 2552
 1633
 7411
 5553
 9680
 3986
 9997
 6382
 8994
 8078
 1981
 5882
 7045
 6024
 4196
 2578
 4433
 9662
 1004
 1626
 7393
 8929
 3193
 3784
 7330
 1279
 9286
  296
 1879
 3514
 4425
 1097
 3392
  438
 3575
  575
 9503
 8501
 1783
 2520
 2121
 4167
 7800
 3554
 9866
 5923
 1891
 7103
 9780
 5312
 8396
 5138
 4855
 5173
 8621
  125
 6705
 7082
 6021
 2230
 6942
 2721
 5200
 1304
 7025
 7182
 3116
 4451
 5657
  169
 6401
 7886
  411
 8841
 6606
 8224
 5038
 1875
 7401
 3912
  356
 9981
 5058
 3223
 6991
 6087
 7941
 5275
 4938
 8975
 9815
  829
 8029
 6183
 1054
 9110
 4257
 8351
 7870
 1098
 7385
 5114
 4881
  167
 6238
  906
 1071
 7582
 1046
 2822
 2962
 3739
 5591
 1718
 7194
 2633
 2386
 1051
  299
  979
 7452
 9831
 6074
 5252
  240
 4962
 7566
 1988
 2588
 8001
 3996
 7849
 7867
   79
 1374
 8747
 5549
 3723
 1526
 1332
 2097
 5562
 6372
 6672
 9245
 1657
 1493
 4178
 8977
 9453
 3827
 3742
 3334
 7107
 2078
 6301
 3816
 2641
 2291
 4198
 8799
 3319
 4288
 5623
 9507
 4238
 6205
 1964
 3533
 5106
 1625
 3792
 2726
  892
 1883
 6175
 4081
 4754
 5488
 1957
 3215
 7666
 1587
 8776
 8873
 2653
 4598
 1232
 4710
 2142
 1419
 8572
 6730
 4558
 6050
 4556
 7459
 3389
 6340
 2627
 7470
 5849
 4259
 6865
 5185
 5087
  185
 8459
 5863
 5431
 2858
 2875
 9608
 7302
 5589
 9810
 3174
 5803
 8316
 3458
 7413
 2927
 2371
  482
 5993
 4803
 1973
 9869
  615
 8467
 2488
 5268
 2893
 1933
 4098
 6918
  131
 5510
 1298
 2405
 2122
 5376
 9532
 7298
 1654
 9784
 2143
  714
 2840
 4376
 9174
  630
 9599
 4811
 2194
   58
 4263
 4010
 9564
 3435
 5225
 5610
 7482
 3703
  334
 6785
 5435
 3864
 1248
 9185
 2320
 3246
 7361
 8315
 2546
 2039
 5364
 7826
  300
 5156
 1733
 9064
 7528
 3130
 5329
   12
 7855
 9077
 6179
 3520
 5305
 1969
 3511
 1175
 9819
 1095
 8300
 5782
 3273
 8473
 6498
 3432
 3462
 6510
  263
 2844
 3075
 7816
 2999
 4031
 3817
 9259
  307
 2147
 4535
 7153
 4587
 2311
 2368
 3021
 7489
 9384
 4133
 7491
 8228
 3244
 1578
 1198
 5266
 7497
 7906
 7154
 6502
 7115
 2577
 6916
 8554
 4455
 1159
 4141
  813
 8408
 9758
 6959
 4546
 2774
 5910
 5917
  973
 9347
 9236
 7854
 2914
 6519
 1169
 9016
 4027
  792
 3308
 9331
  952
 2200
 6711
 7756
 7521
 7841
 3249
 6129
 5874
 1090
 3852
 4731
 1579
 4510
 9280
 5731
 8832
 2635
 3173
 6447
 5852
 7213
 4651
 9901
 3001
 8986
  253
 5390
  447
 3676
 6428
 3457
 2861
 9055
 5885
 2123
 9916
 2862
 8970
 2364
 7912
 1921
 1603
 9244
 1565
 2040
  522
 6760
 1857
 9641
 6588
 7160
 7176
 4713
 8534
 8548
 2237
 1422
 6863
 6774
 1286
 3260
 1407
 6620
 8662
 5635
 3384
 2728
 9704
 3547
 1881
 3125
   15
 2699
 3053
 7034
 8097
 9582
 1787
 3437
 9442
 8352
 1475
 1055
 9643
 5830
 5881
 6750
 3679
 7196
 7305
 5398
  736
 4543
 7240
 9410
 3769
 3842
 4609
 9099
 9057
 8577
 7504
 7990
 2971
  475
  881
 1863
 1141
 3928
 5306
 8834
  579
 7191
 2598
 6454
 2148
  462
 8604
 2434
 8307
 5478
 4971
 5445
 6504
 8611
 1484
 5954
 3058
 4072
 3571
 7752
 5713
 2342
 9480
 8098
 4410
 6257
 1093
 4899
 2119
 1445
  619
  593
 7508
 1987
 8697
 8311
 4719
  598
 2402
 3673
 4214
   96
  603
 7426
 7698
  618
 7919
 9677
 3143
 7602
 4097
 5124
 3016
 1610
 2706
 4660
 9588
  777
 6456
 7114
  794
  732
 5456
 9180
 8629
 8317
 7956
 2662
  390
 6165
 3876
 3225
  172
 4420
  940
 8403
 9372
 9890
 2152
 8693
 2013
 7614
 1453
 9864
 6687
 1502
 7272
 4201
  241
 9246
  166
 3790
  928
 4629
 6782
 3106
 1464
 4628
 5630
 4840
 1916
 6666
 8111
 6583
  772
 5084
 7616
 2441
 7476
 4642
 7598
 6081
 3063
 1848
 6555
 1156
 7368
 3337
 5571
 6163
 5204
 3664
 6486
 8049
 1357
 1003
 2876
 9270
 7632
 2286
 5579
 2550
 8997
 8482
 5698
 6809
 8437
 5240
 8472
 3612
 1361
 4498
 3463
 5051
 6345
 5711
 7123
 8927
 2263
 9508
 8999
 3236
 7810
 8271
 3405
 6899
 8116
 2033
  157
 3087
  382
 5702
 9143
 3027
 5650
 6065
 9376
 8279
 1507
 3995
 4056
 5859
 1738
 9909
 7657
 1748
 4053
 9622
 6871
 9504
 4591
 3287
 4633
 1293
 3262
 4669
   35
 6628
 9989
 7326
 6601
 4144
 7669
 7799
 4129
 7370
 4368
 1399
  639
 6186
 6627
 7377
 7615
 2984
 2561
 2515
 6970
  527
 7834
 5567
 5347
 8395
 3609
 8608
 9012
 2380
 7225
 3041
 5508
 1690
   55
 8880
 3787
 4084
 4052
 9556
 8348
 5125
 5235
 9528
 9651
 3400
 3295
 3317
 8735
 9222
 8301
 5111
 7097
 1644
 2236
 4769
 6258
 7960
 1615
  225
 5437
 8261
 8530
 7605
 7397
 1001
  366
 8988
  938
 5845
  201
  473
 4185
 5103
 2819
 5148
 1185
 5766
 3413
 8075
 1276
 6797
 4915
  154
 2285
 9750
 5734
 5226
 4534
 8683
 7634
  666
 4861
 3697
 5473
 6690
 1420
  331
 9079
 7134
 5699
 5565
 7931
 6663
 2735
 6851
 6542
 8284
 1801
 8154
 1010
 8593
 2693
 2059
  384
 7925
 4709
 2620
 8958
 9044
 9600
 1914
 8950
  818
 1777
  243
 9779
 2603
 6701
  585
 7335
 7388
 1170
   89
  911
 3398
 3894
 2495
 7270
 7775
  500
 5122
 2421
 3364
 5894
  416
 9309
 6964
 3493
 1582
 8217
 7502
 7437
 5721
 4612
 2055
 4057
 6920
 4063
  229
 5492
 2118
 5237
 6190
 2799
 5705
 6143
 9876
 3976
 5904
 5142
 9570
 1769
 6255
 1929
 1687
 4516
 4934
 5029
 6537
 3248
 8817
 3350
 5670
  450
 5539
 1585
 7319
 6434
 5887
 4932
 3953
 2021
  429
 4940
 4684
 4278
 5956
  638
 2102
 8480
 3285
 1096
  713
 4936
 3740
 4808
 9133
 9501
 5521
  770
 9993
 2310
 4512
 9136
 3441
 1396
 4864
 9381
 8967
 1976
 8613
 6740
  509
 8077
  612
 3730
 8698
 6237
 9411
 8259
 2440
 6215
 9081
 2202
 2661
 2944
 5471
 1061
  890
 4059
 1750
 5136
 3069
 2249
 7258
 8965
 7915
 2294
 9579
   22
 7416
 7977
 1772
 4626
 4334
 9405
 9004
  389
 6704
 7119
 8559
 2009
 7084
   53
 6231
 2892
 3978
 3468
 3529
 9166
 4079
 2525
 7879
 8971
 9103
 1803
 5356
 7071
 6804
 1028
  922
 3696
 2593
 6313
 1826
  682
   10
 4742
 2476
 3326
 2312
 1291
 8445
 3012
 2930
   19
 3689
 5129
 2559
 2570
 7735
 2064
 2016
 2374
 2317
 9154
 6111
 2154
 4806
  491
 3254
 6593
  799
 4885
 9161
 2172
  472
 7898
 8733
 3964
  321
  913
 4403
 6915
 3678
 8163
 1246
 5387
 5942
 1663
 2160
 2439
 1414
 6969
  980
 1647
 8223
 9717
 9089
 8595
 3115
 1936
 8460
 2403
 4849
 4573
 1866
  896
 3152
 1659
  107
 6883
 7313
 4199
 9652
 5261
 5945
 6907
  608
 2283
 7367
 8753
 4088
 6670
 4828
 7887
 9902
 3977
 4231
 7985
 4869
 6943
 9256
 9733
 5168
 4655
 3491
 1317
   60
 1336
 1035
 8264
 2499
 4360
 8299
 3176
 6233
 4396
 9212
 2284
 1852
 9076
 3561
 9877
 4607
 2887
 3750
 7463
 6492
 3010
 4100
 6963
 5921
 2908
 4827
 2091
 5613
 2547
 6037
 5413
 7529
 4335
 6261
 4595
 9289
 1699
 1704
 9910
 5895
 8239
 3581
 8814
 5828
 7233
   75
 8973
 1031
 6490
 9931
 2514
 3942
 4453
 2528
 1901
 9547
 6944
 8864
 9729
 4093
  927
 5868
 7116
 7869
 3705
 9435
 5282
 7569
 6611
 4755
 6881
  985
   33
 1465
 5689
 7621
 4810
 3915
 4799
 7714
  176
 9108
  605
 9513
 2268
  636
 5278
 3650
 6487
 7164
 1326
 3080
 4369
 8740
 6869
 8139
 2779
 7228
 6862
  570
 8569
 2607
 2957
 2981
 2110
 2905
 7478
 8133
 5096
 7580
 3997
 2917
 4004
 7408
 4070
 8913
 1290
 4203
 2067
 1488
 9017
 3543
 6889
 6792
  357
 4820
 5608
 1032
 7664
 7578
  595
  557
 4016
 1684
 4617
  230
 5892
 5586
  693
  200
 8731
 9807
 2820
 2234
  293
 8651
 5834
 6901
 4358
 5069
 6712
 3166
  134
  385
 3324
 4182
 8746
 6283
 6323
 8030
 2638
 2267
 1190
 5527
 3135
 7125
 9457
 5301
 2645
 6914
 6971
 7371
 4727
 8943
 5415
 3101
 7932
 4787
 2854
 8811
 3390
 4732
 4618
 9436
 4432
 7676
 5519
 7027
 1548
 6132
 2665
 6570
 8561
 4421
 8198
 2694
 9431
  768
 8656
 1931
 4249
 2748
  711
 6300
 7409
 9892
 6806
 6489
 4809
 3811
 1307
 1877
 8536
 8216
 3734
  705
 7557
 6000
 8072
 7586
 2215
 3592
 9003
 2923
 6840
 1581
 6668
 2800
 9031
 8084
 2023
 4240
 1674
 6817
 1735
 6269
  960
 8108
 9139
 6977
 3565
 9568
 6934
 3845
 2746
 8789
 8622
 9693
 4006
  178
 6440
 7753
 9014
 1305
  680
 6698
 9158
 8692
 3641
 5807
 5249
  401
 9854
 8551
 9874
 3901
 8565
 3564
 8890
 5351
 4640
 9481
 6992
 2274
 2329
 7077
 1452
 8713
 7039
 1302
 5762
  543
 9274
 3062
 5091
 3793
 2977
 8034
 5907
 5475
 9702
 9667
 2788
  435
 4863
 4671
 9847
 6309
 4290
 2480
 8012
 4099
 8694
 4125
 5651
 4152
 4158
 4707
 4568
 9305
 1709
 8309
 8043
 6707
 4306
 9282
 1524
 5715
 1623
 4588
 5457
 2714
 9998
  672
  458
 1131
 1425
  936
 1201
 6048
 6832
 1754
 6427
  540
 8498
 8707
  781
  187
 3733
 6759
 4734
 6818
  460
 6973
 6961
 1697
 2008
 1408
  510
 3110
 4726
 4902
 7324
 6213
 4982
 3421
 6142
 9239
 7603
 2231
 9859
 7501
 3427
 2014
 9293
 1844
 9353
 1256
 6538
 6523
 1310
 3957
  581
 1505
 2838
 1525
 4244
 7665
 1999
 7004
 3728
  652
 1283
 8388
 3649
 1804
 9251
 2027
   73
 1133
 7390
 8589
 2935
 1822
 2399
 4815
 6031
 9671
 8916
 6417
 1608
 3360
 6626
 7375
  354
  915
 2770
 3706
 8545
 2601
 5405
 1534
 3366
 3895
 4009
 5076
  484
  188
 4822
  232
 2658
 8019
  234
 6216
 9084
 6517
 4246
 8687
 2146
 3300
 6617
  255
 2193
 6225
 3082
 7263
 2392
 6558
 7999
 2157
 1583
 7070
 8894
 5393
 5000
 8904
 5477
 1859
 2036
 4035
 2845
 3661
 8037
 8639
 9562
 2130
 2229
 6587
 2035
 6696
 9725
 1448
 7105
 1263
 2922
 1607
 5297
 5962
 6452
 9371
 9899
 8256
 6584
 4250
 1393
 7141
 2070
 8357
 4723
 2952
 3936
 3217
 4644
 8808
 7500
 2378
 7109
  835
 4527
 6097
 9253
 4670
 4649
 9417
 6948
 9612
 2073
 1531
 3046
 1511
 4802
 5215
 3840
 4294
 3521
 6348
 8269
 9198
 7903
 9013
 8942
 6983
 3124
  417
 2768
 1219
 3165
 4715
   17
 3692
 5465
 8782
 6448
 4571
 6280
 4661
 5735
 1457
 3083
 7863
 1642
 1238
 3993
 8124
 6389
 6613
 6674
 6196
 5191
 2006
 5372
 4219
 9091
 8711
 9580
 8712
 5555
 7837
 3669
 1427
  254
  623
 7589
 9535
 1439
 5092
 4308
 9554
 4945
 4901
 1461
 2946
  362
 1036
 8981
 5463
  596
 6761
 2644
 6735
  196
 7851
  532
  819
 8578
 2562
 3484
 9272
 2207
 9595
 7254
 5217
 3636
 5749
 3256
 4386
 8323
 8289
 3277
 8549
 9611
 2140
 7444
 4756
 2901
 5960
 2512
 9846
  550
 3289
 9829
 4068
 3190
 2933
 2958
 4478
 6047
 3362
 2538
  463
 9868
 8919
 4977
 4891
 5115
 7847
 8240
 4605
 3557
 8345
 4117
 5023
  659
 7205
 4943
 1491
  586
 9799
 4537
  379
 5436
 3402
 7430
 6708
 4596
 8909
 1759
  303
 3023
 8581
 9782
 1477
 9467
 2455
 7592
 5786
 5117
 7304
 4331
 4976
 4959
 1416
 3713
 3047
 4387
 4413
  982
  114
 1157
 9763
 4260
 1646
   38
 5530
 7284
 4111
 4622
 6980
 8618
 5158
 9365
 2051
 4837
 5016
 7003
  246
  266
   41
 4623
 3313
 9976
 5318
 8180
 1667
 6358
    6
 5837
 8375
 8358
 6198
 8359
 1250
 6388
 3361
 5739
 3573
 9263
 7936
 1535
 6100
 3865
 7595
 5594
 8187
 3301
 3404
 3343
  346
 1063
 8601
 8538
 4729
 9628
 4792
 5384
 1862
 4210
 7613
 6092
 6119
  632
 4124
 2117
 1591
 7117
 9965
 4412
 7442
 8493
 6361
 5643
 3672
   56
 1295
 3550
 8839
 4357
 4148
 5975
 5388
 2734
 1573
 9402
 8250
 9255
 2639
 7145
 7564
  142
 3168
 8102
 6071
 5083
 6847
 3805
 4014
 4914
 8948
  950
 1686
 7078
 9137
  748
 3240
  613
 9894
 6676
 6819
 2467
 4418
 8848
  845
 4689
 3213
  667
 8477
 2970
 9822
 9386
 2451
  122
 9403
 6923
  624
  215
 8951
 5712
 9649
 1716
 3212
 3330
 9752
 3761
 1082
 1903
 2429
 5805
 1536
  935
 9537
 3501
 9219
 8741
 3838
 1902
 6443
 2522
 5959
 2481
 8464
 4758
 9206
 5951
 5383
 3203
 8104
 9567
 3150
 8835
 5034
 4373
  688
 4382
 5841
 1629
 9791
 7646
 4341
 5529
   98
 1216
 2785
 6052
 4997
 9065
  943
 6529
 5696
 2103
 3323
  889
 7040
 8310
  467
 8273
 3374
 7285
 2174
 8516
 9563
 5918
 3453
 6158
 1312
 4233
  669
 4195
 9838
 4950
 7049
 3781
 9238
 4842
 1516
  958
  547
 7462
 5997
 5018
 9598
 2502
 7550
 7173
 6995
 5452
 7682
  847
 6461
 1991
  874
 4691
 5079
 2248
 9623
 6571
 7236
 5728
  641
  645
 3097
 3515
 9254
 7771
 8546
 9469
 4110
 1612
 9603
 2715
 7749
 1989
 3893
 9943
 7106
 4255
 4104
 1540
  528
 2698
 9555
 9856
 2211
 3909
 5996
 3610
  853
 3880
 6610
 8580
  863
 2719
 5126
 8344
 9421
 6474
  951
  333
 1575
 3988
 7215
 9495
 8140
 4091
 1833
 3111
 9292
 5188
 5847
 6541
  988
 9837
 5930
 8248
 4730
 5695
 5864
 8928
 8907
 6386
 5844
 6953
 1214
 7296
 9394
 2162
 2839
 4459
 8132
 9088
 4126
 7699
 2223
 7406
  729
 7554
 4405
 7891
 4137
 3464
 4301
 1586
 6286
 3653
 8614
 7670
  264
 9062
 1081
 9027
 8082
 9891
 7222
 9620
 6879
 1479
 4264
  375
 9647
 3272
 5870
 9760
 5772
 9754
 8341
 5502
 8652
 3949
 9214
 3764
 2384
  568
  211
 7355
 1830
 2219
 2685
 7399
 4972
 8624
 4739
 2100
 1455
 9183
 3825
 6609
 9629
 8461
 5062
 4688
 9764
 9391
 4771
 4485
  421
 5577
 4116
  930
 4674
 1574
 7218
 6275
 7773
 1727
 9209
 9151
 9067
 7668
 7172
 3353
 9464
 2213
 6520
 2453
 7827
 4087
 2298
 8635
  647
 7796
 4540
 1179
 5311
 9375
 6294
 6226
  717
 2626
 9914
 9427
 7624
 3506
 7702
 7703
  272
 6096
 6067
 6718
  370
 8113
 6816
 9748
 6854
 2835
 4893
 1636
 6418
   71
 8775
 3765
 9655
 4903
 8202
 8952
 1026
 3576
 9525
 3799
 2677
 3892
  620
 1672
 1087
 9626
 8197
 2909
 5063
 5241
 2427
 9731
 9679
 1153
 5052
 5295
 7269
 2077
 2487
 5104
 3920
 9682
 6968
 5352
 5964
 2074
 4974
 8237
 9587
 1887
 1567
 4017
  317
 1712
 5878
 2424
 3525
  177
 1022
 4925
 4897
 4439
 9918
 9584
 9058
 3040
 6109
 3528
 6473
 6366
  120
 3431
 7736
 1210
 8391
 6512
 4667
 8836
 8974
 6807
 1483
 9225
 3559
 1299
 4530
 2573
 8962
  403
 8068
 7365
 5958
  891
 9050
 3611
 8763
 8574
  898
 3670
 8670
 9173
 4606
  755
  558
 7535
 7410
 6009
 5497
 3096
 1946
 3358
 9170
 5307
 8242
 2812
 8265
 1813
 5447
 1943
 9346
 3774
 9594
 6468
 3371
 1700
  448
  118
 7835
 6141
 1790
 8165
  431
 6019
 7961
 8251
 5220
 4999
 9992
 3089
 9337
 8497
 1580
 6922
 6174
  297
 6658
 4123
 6692
 5321
 7997
 5207
 2671
 7809
 8982
 1016
  858
 2225
 4392
 4461
 8850
 2569
 1478
   95
 4796
 7686
 8343
 8423
 7969
 8771
 2038
 2323
 9986
 3057
 6831
  761
  519
 6242
  926
 8329
 1821
 9370
 2071
 7007
 7777
 3112
 1213
 3257
 1552
 4800
 8773
 4327
 9762
 8632
 7019
 9615
 2949
 2414
 3045
 4173
 1770
 7072
 2919
 7696
  563
 3498
 2865
 6400
 1376
 5727
 4658
 9872
 8503
 1228
 1277
 9197
 8353
 2624
 8586
 8462
 6662
 5937
 1405
 1590
  521
 9722
 9002
 1919
 2752
  283
 9743
 1050
 8828
   94
  469
  885
 5455
 9551
 2511
 2165
  160
 5308
 6911
 7805
 2019
 7369
 6305
 5267
 5109
 3627
 9745
 3302
 1259
 7017
 1719
 1812
 5033
 6927
 9422
 4062
 5179
 3270
 5985
 7631
 4529
 9642
 9631
   64
   40
 7432
 8063
 2420
 9460
 4131
 5101
 3383
 9590
 4287
 8112
 8450
 2279
 5789
 7740
 1799
 1974
 2452
 6321
 6939
  780
 8743
 7083
 4601
 5073
 3630
 3578
 7161
 5615
 3147
 6250
 7310
 6997
 9747
 8852
 9824
 6360
  213
 4589
 3534
 6436
 4514
 9432
 2080
 4371
 8915
 7651
 8886
 9418
  883
 9458
 3709
 9264
 5871
 2448
 9696
 2837
 3794
 1873
 2710
 4222
 4767
 6232
 4073
 1471
 8478
 1543
  376
 8479
 3930
 7490
 6848
 7730
 9713
 9835
 5176
 7434
 5035
 3177
 6874
 4322
 3015
 2004
 2212
 1123
 9478
 5150
 1226
 3828
 7148
  271
 8653
  902
 6551
 4221
  929
 2966
 1627
 4404
 2199
 8620
 6011
 4046
 5561
 4846
 5776
 5862
 4610
 9491
 3239
 5242
 3418
 7902
 5386
 3642
 4912
 5357
 4440
 9314
 2301
 3186
 8172
 3372
 9224
 7288
 4580
 5974
 2928
 7260
 2322
 4507
 1322
 8285
 7647
 6532
 1127
  219
 7764
 9708
 2026
  673
 4737
 7487
 3746
 9178
 1895
 7963
  395
 4060
 1116
 6896
 3950
 9242
 6346
  556
  123
 3440
 2198
 3716
 5177
 1785
 4979
 2382
 7537
 8734
 6157
 7746
 4486
 1503
 9010
 1463
 9184
  237
 1885
  493
 1851
 7860
 9825
 3766
 3102
 6815
 2318
 8229
 2517
 6904
 7308
 3265
 2257
 5800
 1702
 6206
 1207
 4078
 4483
 9073
 2395
  129
 5909
 5649
 3252
 6156
 1296
 3590
 8750
 6846
   45
   59
 9007
  758
 7653
 6568
 4253
 8028
 3109
 2649
 1303
   81
 3968
 6796
 8245
 9593
 3507
 5924
 3473
 4956
 4089
 4351
 6841